a: [10, 'int']
b: [None, None]
c: ['$', 'character']
d: [0.1133333333333585, 'float']
e: [0.1133333333333585, 'float']
